  4908.0    -29.0    146.0   1012.0     -3.0     -8.0     -2.0
136472.0    -36.0    147.0   1006.0     -1.0     -4.0     -1.0
242192.0    -32.0    146.0    992.0     -2.0      2.0     -2.0
347932.0    -39.0    147.0   1001.0     -2.0      3.0     -2.0
453692.0    -45.0    137.0    989.0     -3.0     -5.0     -2.0
559400.0    -42.0    156.0   1004.0      2.0      0.0     -3.0
665100.0    -45.0    149.0    981.0      0.0      5.0     -2.0
770820.0    -49.0    152.0   1001.0     -1.0     -5.0     -2.0
876576.0    -50.0    160.0   1008.0     -2.0      2.0     -2.0
985112.0    -55.0    156.0    994.0     -5.0     -2.0     -2.0
1090824.0    -57.0    149.0    995.0      0.0      3.0     -1.0
1196536.0    -58.0    149.0    999.0      0.0      1.0     -1.0
1302288.0    -50.0    148.0    994.0     -2.0     -4.0      1.0
1407992.0    -39.0    150.0   1008.0      0.0    -13.0     -1.0
1513692.0    -33.0    150.0   1002.0     -1.0     -1.0      0.0
1619392.0    -33.0    141.0    984.0     -3.0     -1.0      0.0
1727740.0    -29.0    141.0   1003.0     -4.0      3.0      1.0
1833492.0    -22.0    136.0   1009.0     -6.0      1.0     -1.0
1939260.0    -41.0    134.0    996.0     -4.0     -2.0     -1.0
2044972.0    -36.0    138.0    999.0     -4.0      0.0     -1.0
2150720.0    -33.0    127.0   1004.0     -2.0     -1.0     -1.0
2256480.0    -36.0    132.0   1023.0     -3.0      6.0     -1.0
2362232.0    -40.0    126.0   1000.0     -2.0     -3.0     -1.0
2467984.0    -51.0    128.0    999.0     -3.0     -1.0     -1.0
2576292.0    -40.0    127.0   1006.0     -2.0     -1.0      0.0
2682024.0    -49.0    132.0   1003.0     -2.0     -1.0     -1.0
2787700.0    -54.0    117.0   1002.0     -1.0      0.0      0.0
2893448.0    -44.0    125.0    990.0     -2.0      4.0     -1.0
2999244.0    -56.0    118.0   1004.0     -4.0      3.0     -1.0
3105012.0    -58.0    126.0    984.0     -3.0     -6.0     -1.0
3210764.0    -52.0    111.0    999.0     -2.0     -7.0     -1.0
3316512.0    -51.0    118.0   1001.0     -2.0      3.0     -2.0
3424860.0    -55.0    109.0   1008.0     -1.0     -2.0     -1.0
3530612.0    -56.0    113.0   1002.0     -2.0     -5.0     -1.0
3636364.0    -57.0    111.0   1011.0     -3.0      1.0     -1.0
3742136.0    -62.0    114.0    994.0     -4.0     -4.0     -1.0
3847892.0    -41.0    112.0   1011.0      3.0     -7.0     -4.0
3953676.0     -2.0    123.0   1030.0     -3.0      3.0     -6.0
4059396.0    -52.0    119.0   1009.0      0.0      2.0     -5.0
4165164.0   -100.0    142.0    992.0      7.0      2.0     -5.0
4273492.0    -50.0    160.0   1009.0     16.0     -5.0     -1.0
4379200.0    -41.0    216.0   1017.0     43.0      1.0      0.0
4484980.0    -17.0    313.0    920.0     72.0    -17.0      5.0
4590764.0    -18.0    432.0    889.0     81.0      5.0     -5.0
4696552.0    -58.0    546.0    819.0     51.0     23.0     -4.0
4802328.0    -43.0    653.0    742.0     80.0     -4.0      4.0
4908108.0    -76.0    759.0    663.0     39.0     10.0     -8.0
5013888.0   -122.0    816.0    544.0     62.0     -2.0      3.0
5122248.0    -55.0    878.0    480.0     97.0     -2.0      8.0
5228016.0    -73.0    979.0    224.0     83.0    -13.0      9.0
5333760.0    -48.0   1000.0    182.0     70.0     -3.0     -1.0
5439524.0    -37.0   1029.0     11.0     88.0     -5.0      3.0
5545296.0    -56.0    992.0   -153.0     94.0      6.0     -1.0
5651076.0    -45.0    917.0   -345.0    116.0      5.0     -2.0
5756860.0    -71.0    810.0   -545.0    126.0     14.0    -15.0
5862648.0    -36.0    687.0   -714.0    110.0     14.0     30.0
5971008.0    -34.0    524.0   -846.0     96.0    -14.0     32.0
6076748.0      0.0    348.0   -840.0     67.0     -5.0     13.0
6182532.0     31.0    255.0   -967.0     42.0     14.0      3.0
6288296.0    116.0    182.0   -986.0     51.0     19.0      4.0
6394068.0    118.0     19.0   -986.0     42.0      3.0     21.0
6499788.0     99.0     40.0   -978.0     22.0     -5.0      0.0
6605564.0    117.0    -82.0  -1055.0     20.0     20.0     -1.0
6711324.0    132.0     49.0   -924.0     34.0      2.0     -1.0
6819600.0    196.0     33.0   -945.0     21.0     -4.0     -6.0
6925356.0    126.0      2.0   -997.0     -1.0     10.0    -13.0
7031132.0    126.0     -6.0  -1022.0     15.0     -2.0     -8.0
7136864.0     77.0    -87.0   -932.0    -10.0      0.0     -3.0
7242652.0    170.0    -43.0   -934.0     -8.0      7.0     -2.0
7348412.0    115.0    -73.0  -1068.0     -6.0     11.0    -10.0
7454180.0     30.0   -122.0   -896.0    -19.0      1.0    -11.0
7559948.0    157.0     -4.0   -953.0     18.0    -11.0      9.0
7668540.0    155.0    -35.0   -929.0      9.0    -10.0     -1.0
7774328.0   -228.0   -203.0   -978.0    -22.0      3.0     72.0
7880108.0     82.0    -60.0   -961.0    -13.0    -19.0    -17.0
7985864.0    140.0     -5.0  -1105.0    -30.0    -22.0    -14.0
8091664.0     21.0     35.0   -993.0     -5.0     -2.0     -7.0
8197440.0     65.0    -69.0   -957.0      4.0     -2.0      3.0
8303196.0     32.0     21.0   -978.0      6.0     -1.0     -6.0
8411564.0     57.0     -3.0   -978.0      2.0      1.0      1.0
8517288.0     78.0    -53.0   -975.0     -2.0      0.0     -3.0
8623052.0     68.0    -33.0   -979.0      4.0     -1.0     -5.0
8728796.0     27.0    -34.0   -920.0     -1.0     -5.0     -6.0
8834576.0     63.0    -23.0   -970.0     -7.0     -7.0     -6.0
8940364.0     68.0    -48.0   -992.0     -8.0     -7.0     -3.0
9046072.0     21.0      0.0   -976.0     -5.0     -2.0     -1.0
9151860.0     38.0      8.0   -963.0     -3.0     -4.0      3.0
9260240.0     23.0    -21.0   -982.0     -3.0     -2.0     -1.0
9365956.0     31.0     20.0   -980.0     -4.0      0.0     -4.0
9471676.0     13.0     11.0   -964.0     -5.0      1.0      0.0
9577460.0     35.0     -5.0   -976.0     -7.0     -2.0     -4.0
9683232.0     55.0     11.0  -1001.0     -5.0     -3.0     -7.0
9789016.0      5.0      8.0   -944.0     -1.0     -2.0     -5.0
9894776.0     37.0     15.0   -978.0      1.0     -4.0     -1.0
10000532.0     42.0     23.0   -993.0     -1.0     -1.0      1.0
10109432.0     26.0     14.0   -980.0      0.0      0.0     -3.0
10215792.0     13.0      4.0   -967.0     -6.0      0.0     -6.0
10322180.0     27.0     15.0   -972.0     -1.0     -1.0     -2.0
10428580.0     37.0     10.0   -973.0     -4.0     -2.0    -10.0
10534984.0     13.0     46.0   -984.0     -5.0      4.0    -33.0
10641564.0     71.0     44.0   -964.0      1.0      3.0    -29.0
10747964.0     89.0     38.0   -972.0      2.0     10.0    -76.0
10854368.0     42.0     38.0   -979.0      6.0      1.0    -76.0
10963412.0      7.0     27.0   -981.0     16.0     -4.0    -49.0
11069828.0     74.0     27.0   -942.0    -11.0    -11.0    -68.0
11176244.0     27.0     14.0   -973.0     -5.0    -10.0    -79.0
11282640.0    -21.0     57.0   -984.0    -13.0    -22.0    -67.0
11389052.0    -67.0     83.0   -967.0     -5.0     -5.0    -55.0
11495452.0    -20.0     77.0   -954.0     -1.0    -11.0    -66.0
11601852.0    -90.0     43.0   -928.0      8.0    -25.0    -85.0
11708216.0    -32.0    -64.0  -1002.0     27.0      1.0   -107.0
11817212.0    117.0   -162.0  -1039.0     -2.0     -4.0   -111.0
11923628.0   -167.0    -63.0   -877.0     -9.0    -28.0     -4.0
12029984.0   -113.0      5.0   -968.0     -8.0      0.0      9.0
12136400.0   -180.0    -22.0  -1026.0      6.0      4.0     31.0
12242808.0   -137.0    -31.0   -957.0    -12.0     11.0     31.0
12349160.0   -142.0    -15.0   -965.0     -8.0      0.0     18.0
12455588.0    -89.0      4.0   -979.0     -9.0     -4.0     -6.0
12564612.0    -74.0     29.0   -991.0      1.0      3.0     -4.0
12670952.0    -90.0     17.0   -976.0     -2.0      1.0      0.0
12777364.0    -87.0    -11.0   -968.0     -2.0      4.0     -8.0
12883792.0    -94.0     15.0   -987.0      1.0      4.0     -7.0
12990208.0    -75.0      9.0   -973.0     -2.0      2.0     -4.0
13096600.0    -95.0      1.0   -967.0     -2.0      1.0     -2.0
13202936.0    -71.0    -12.0   -977.0      1.0      0.0     -1.0
13309304.0    -82.0     17.0   -992.0      1.0      1.0     -2.0
13418120.0    -88.0    -15.0   -967.0      0.0     -2.0      0.0
13524456.0    -72.0     -4.0   -995.0      1.0     -1.0      0.0
13630864.0    -85.0      5.0   -987.0     -1.0     -2.0     -2.0
13737252.0    -66.0    -11.0   -979.0     -2.0     -1.0     -1.0
13843588.0    -93.0      0.0   -975.0      1.0     -2.0      1.0
13950016.0    -80.0    -17.0   -990.0     -3.0     -3.0     -4.0
14056384.0    -70.0    -10.0   -993.0     -1.0     -1.0     -2.0
14162780.0    -90.0    -12.0   -979.0     -2.0      2.0     -1.0
14272224.0    -73.0    -23.0   -968.0     -2.0      0.0      0.0
14378572.0    -75.0    -14.0   -976.0      1.0      0.0     -2.0
14484936.0    -82.0    -17.0   -963.0     -2.0      0.0      1.0
14591336.0    -54.0      2.0  -1008.0     -2.0     -4.0     -8.0
14697748.0    -83.0    -30.0   -957.0     -2.0     -5.0     -5.0
14804096.0    -64.0    -12.0   -993.0     -1.0      0.0     -1.0
14910448.0    -88.0    -17.0   -974.0     -2.0      0.0     -1.0
15016784.0    -70.0     -7.0   -991.0     -1.0      1.0      0.0
15125600.0    -65.0    -29.0   -965.0     -2.0      1.0      2.0
15231992.0    -76.0    -18.0   -980.0     -2.0     -1.0     -1.0
15338340.0    -86.0    -26.0   -977.0     -1.0      0.0     -3.0
15444692.0    -75.0    -13.0   -983.0      2.0      1.0      0.0
15551064.0    -89.0    -42.0   -959.0     -4.0     -1.0      0.0
15657420.0    -58.0    -24.0   -985.0      0.0     -3.0     -4.0
15763772.0    -85.0    -24.0   -980.0     -3.0      0.0     -3.0
15872516.0    -84.0    -19.0   -983.0     -1.0      0.0      2.0
15978900.0    -66.0    -40.0   -965.0     -1.0      1.0      1.0
16085284.0    -84.0    -21.0   -970.0     -2.0     -1.0     -1.0
16191648.0    -82.0    -24.0   -976.0     -3.0     -3.0      0.0
16298044.0    -58.0    -16.0   -993.0     -3.0     -2.0     -2.0
16404400.0    -78.0    -30.0   -968.0     -2.0     -1.0      0.0
16510808.0    -64.0    -16.0   -989.0     -2.0     -2.0     -1.0
16617164.0    -72.0    -31.0   -971.0     -3.0     -2.0      0.0
16725988.0    -80.0    -15.0   -978.0     -3.0     -2.0     -1.0
16832400.0    -68.0    -21.0   -983.0     -3.0     -2.0     -2.0
16938740.0    -82.0     -9.0   -973.0     -3.0      0.0     -4.0
17045120.0    -77.0    -12.0   -974.0     -4.0     -1.0     -1.0
17151492.0    -82.0    -20.0   -973.0     -1.0     -1.0     -2.0
17257764.0    -86.0    -16.0   -982.0      0.0      0.0      0.0
17364120.0    -82.0    -10.0   -987.0      0.0      2.0      3.0
17470464.0    -68.0     -6.0   -989.0     -2.0      1.0      0.0
17579268.0    -64.0    -16.0   -980.0     -2.0     -2.0     -2.0
17685648.0    -67.0    -10.0   -987.0      0.0     -2.0     -2.0
17792000.0    -71.0    -29.0   -969.0     -1.0      0.0      1.0
17898320.0    -84.0    -25.0   -968.0      0.0      0.0     -1.0
18004680.0    -68.0    -17.0   -986.0      0.0     -2.0     -3.0
18111028.0    -66.0    -21.0   -980.0     -2.0      0.0     -4.0
18217372.0    -64.0    -32.0   -980.0      1.0      0.0     -2.0
18323712.0    -83.0    -33.0   -965.0     -1.0      1.0      0.0
18432512.0    -40.0    -33.0   -976.0     -1.0      4.0      4.0
18538904.0    -57.0    -36.0   -986.0     -1.0     -2.0     -1.0
18645256.0    -53.0    -15.0   -976.0     -1.0      0.0     -2.0
18751660.0    -66.0    -24.0   -973.0     -4.0     -2.0     -1.0
18857996.0    -53.0    -26.0   -973.0     -2.0      0.0      1.0
18964320.0    -60.0    -26.0   -985.0      0.0      0.0     -2.0
19070724.0    -49.0    -15.0   -984.0     -3.0     -2.0     -3.0
19177112.0    -69.0    -17.0   -971.0     -2.0     -1.0     -1.0
19285912.0    -38.0    -19.0   -988.0     -2.0     -2.0     -2.0
19392248.0    -46.0    -24.0   -978.0     -1.0      1.0      0.0
19498548.0    -61.0    -16.0   -991.0     -1.0      0.0      0.0
19604900.0    -64.0    -22.0   -985.0     -2.0      0.0      1.0
19711304.0    -48.0    -22.0   -985.0     -1.0     -2.0     -1.0
19817676.0    -48.0    -21.0   -977.0     -2.0      0.0     -1.0
19924048.0    -72.0    -21.0   -980.0     -1.0      1.0      1.0
