4378.000000 4873.000000 4680.000000
4378.000000 4873.000000 4680.000000
4378.000000 4873.000000 4680.000000
4378.000000 4873.000000 4680.000000
4378.000000 4873.000000 4680.000000
4378.000000 4873.000000 4680.000000
4378.000000 4873.000000 4680.000000
4378.000000 4873.000000 4680.000000
4378.000000 4873.000000 4680.000000
4378.000000 4873.000000 4680.000000
4378.000000 4873.000000 4680.000000
4378.000000 4873.000000 4680.000000
4378.000000 4873.000000 4680.000000
4378.000000 4873.000000 4680.000000
4378.000000 4873.000000 4680.000000
4378.000000 4873.000000 4680.000000
4378.000000 4873.000000 4680.000000
4378.000000 4873.000000 4680.000000
4378.000000 4873.000000 4680.000000
4378.000000 4873.000000 4680.000000
4378.000000 4873.000000 4680.000000
4378.000000 4873.000000 4680.000000
4378.000000 4873.000000 4680.000000
4378.000000 4873.000000 4680.000000
4378.000000 4873.000000 4680.000000
4378.000000 4873.000000 4680.000000
4378.000000 4873.000000 4680.000000
4378.000000 4873.000000 4680.000000
4378.000000 4873.000000 4680.000000
4378.000000 4873.000000 4680.000000
4378.000000 4873.000000 4680.000000
4378.000000 4873.000000 4680.000000
4378.000000 4873.000000 4680.000000
4378.000000 4873.000000 4680.000000
4378.000000 4873.000000 4680.000000
4378.000000 4873.000000 4680.000000
4378.000000 4873.000000 4680.000000
4378.000000 4873.000000 4680.000000
4378.000000 4873.000000 4680.000000
4378.000000 4873.000000 4680.000000
4378.000000 4873.000000 4680.000000
4378.000000 4873.000000 4680.000000
4378.000000 4873.000000 4680.000000
4378.000000 4873.000000 4680.000000
4378.000000 4873.000000 4680.000000
4378.000000 4873.000000 4680.000000
4378.000000 4873.000000 4680.000000
4378.000000 4873.000000 4680.000000
4378.000000 4873.000000 4680.000000
4378.000000 4873.000000 4680.000000
4378.000000 4873.000000 4680.000000
4378.000000 4873.000000 4680.000000
4378.000000 4873.000000 4680.000000
4378.000000 4873.000000 4680.000000
4378.000000 4873.000000 4680.000000
4376.000000 4871.000000 4707.000000
4373.000000 4868.000000 4735.000000
4369.000000 4864.000000 4763.000000
4361.000000 4856.000000 4827.000000
4352.000000 4847.000000 4890.000000
4352.000000 4847.000000 4890.000000
4352.000000 4847.000000 4890.000000
4352.000000 4847.000000 4890.000000
4352.000000 4847.000000 4890.000000
4352.000000 4847.000000 4890.000000
4352.000000 4847.000000 4890.000000
4352.000000 4847.000000 4890.000000
4352.000000 4847.000000 4890.000000
4352.000000 4847.000000 4890.000000
4352.000000 4847.000000 4890.000000
4352.000000 4847.000000 4890.000000
4352.000000 4847.000000 4890.000000
4352.000000 4847.000000 4890.000000
4352.000000 4847.000000 4890.000000
4352.000000 4847.000000 4890.000000
4352.000000 4847.000000 4890.000000
4352.000000 4847.000000 4890.000000
4352.000000 4847.000000 4890.000000
4352.000000 4847.000000 4890.000000
4352.000000 4847.000000 4890.000000
4352.000000 4847.000000 4890.000000
4352.000000 4847.000000 4890.000000
4352.000000 4847.000000 4890.000000
4352.000000 4847.000000 4890.000000
4352.000000 4847.000000 4890.000000
4352.000000 4847.000000 4890.000000
4352.000000 4847.000000 4890.000000
4352.000000 4847.000000 4890.000000
4352.000000 4847.000000 4890.000000
4352.000000 4847.000000 4890.000000
4352.000000 4847.000000 4890.000000
4352.000000 4847.000000 4890.000000
4352.000000 4847.000000 4890.000000
4352.000000 4847.000000 4890.000000
4352.000000 4847.000000 4890.000000
4352.000000 4847.000000 4890.000000
4352.000000 4847.000000 4890.000000
4352.000000 4847.000000 4890.000000
4352.000000 4847.000000 4890.000000
4441.000000 4765.000000 4890.000000
4692.000000 4519.000000 4890.000000
4960.000000 4223.000000 4890.000000
5323.000000 3755.000000 4890.000000
5686.000000 3178.000000 4890.000000
6032.000000 2459.000000 4890.000000
6291.000000 1691.000000 4890.000000
6454.000000 886.000000 4890.000000
6514.000000 66.000000 4890.000000
6481.000000 -745.000000 4845.000000
6347.000000 -1546.000000 4799.000000
6110.000000 -2310.000000 4799.000000
5836.000000 -2935.000000 4799.000000
5836.000000 -2935.000000 4799.000000
5836.000000 -2935.000000 4799.000000
5836.000000 -2935.000000 4799.000000
5836.000000 -2935.000000 4799.000000
5836.000000 -2935.000000 4799.000000
5836.000000 -2935.000000 4799.000000
5836.000000 -2935.000000 4799.000000
5836.000000 -2935.000000 4799.000000
5836.000000 -2935.000000 4799.000000
5836.000000 -2935.000000 4799.000000
5836.000000 -2935.000000 4799.000000
5836.000000 -2935.000000 4799.000000
5836.000000 -2935.000000 4799.000000
5836.000000 -2935.000000 4799.000000
5836.000000 -2935.000000 4799.000000
5836.000000 -2935.000000 4799.000000
5836.000000 -2935.000000 4799.000000
5836.000000 -2935.000000 4799.000000
5836.000000 -2935.000000 4799.000000
5836.000000 -2935.000000 4799.000000
5836.000000 -2935.000000 4799.000000
5836.000000 -2935.000000 4799.000000
5836.000000 -2935.000000 4799.000000
5836.000000 -2935.000000 4799.000000
5836.000000 -2935.000000 4799.000000
5836.000000 -2935.000000 4799.000000
5836.000000 -2935.000000 4799.000000
5836.000000 -2935.000000 4799.000000
5836.000000 -2935.000000 4799.000000
5836.000000 -2935.000000 4799.000000
5836.000000 -2935.000000 4799.000000
5836.000000 -2935.000000 4799.000000
5836.000000 -2935.000000 4799.000000
5836.000000 -2935.000000 4799.000000
5836.000000 -2935.000000 4799.000000
5836.000000 -2935.000000 4799.000000
5836.000000 -2935.000000 4799.000000
5836.000000 -2935.000000 4799.000000
5836.000000 -2935.000000 4799.000000
5836.000000 -2935.000000 4799.000000
5836.000000 -2935.000000 4799.000000
5836.000000 -2935.000000 4799.000000
5836.000000 -2935.000000 4799.000000
5836.000000 -2935.000000 4799.000000
5836.000000 -2935.000000 4799.000000
5836.000000 -2935.000000 4799.000000
5836.000000 -2935.000000 4799.000000
5836.000000 -2935.000000 4799.000000
5836.000000 -2935.000000 4799.000000
5836.000000 -2935.000000 4799.000000
5836.000000 -2935.000000 4799.000000
5836.000000 -2935.000000 4799.000000
5836.000000 -2935.000000 4799.000000
5836.000000 -2935.000000 4799.000000
5836.000000 -2935.000000 4799.000000
5836.000000 -2935.000000 4799.000000
5836.000000 -2935.000000 4799.000000
5836.000000 -2935.000000 4799.000000
5836.000000 -2935.000000 4799.000000
5836.000000 -2935.000000 4799.000000
5836.000000 -2935.000000 4799.000000
5836.000000 -2935.000000 4799.000000
5836.000000 -2935.000000 4799.000000
5836.000000 -2935.000000 4799.000000
5836.000000 -2935.000000 4799.000000
5836.000000 -2935.000000 4799.000000
5836.000000 -2935.000000 4799.000000
5836.000000 -2935.000000 4799.000000
5836.000000 -2935.000000 4799.000000
5836.000000 -2935.000000 4799.000000
5836.000000 -2935.000000 4799.000000
5836.000000 -2935.000000 4799.000000
5836.000000 -2935.000000 4799.000000
5836.000000 -2935.000000 4799.000000
5836.000000 -2935.000000 4799.000000
5836.000000 -2935.000000 4799.000000
