-1799.000000
-1799.000000
-1799.000000
-1799.000000
-1799.000000
-1799.000000
-1799.000000
-1799.000000
-1799.000000
-1799.000000
-1799.000000
-1799.000000
-1799.000000
-1799.000000
-1799.000000
-1799.000000
-1799.000000
-1799.000000
-1799.000000
-1799.000000
-1799.000000
-1799.000000
-1799.000000
-1799.000000
-1799.000000
-1799.000000
-1799.000000
-1799.000000
-1799.000000
-1799.000000
-1799.000000
-1799.000000
-1799.000000
-1799.000000
-1799.000000
-1799.000000
-1799.000000
-1799.000000
-1799.000000
-1792.596240
-1775.263760
-1729.809320
-1684.323920
-1630.374080
-1564.785520
-1488.626800
-1412.465200
-1327.841200
-1240.069600
-1152.282160
-1059.227440
-959.809280
-858.268160
-756.719360
-657.282400
-557.841680
-455.983280
-356.587680
-285.712400
-231.772760
-187.348520
-142.946120
-106.982280
-83.715080
-60.977120
-39.825920
-23.959520
-8.099720
1.421200
1.421200
-4.924880
-13.386320
-22.073680
-28.420960
-33.709960
-33.709960
-33.709960
-33.709960
-33.709960
-33.709960
-33.709960
-33.709960
-33.709960
-33.709960
-33.709960
-33.709960
-33.709960
-39.128960
-44.414760
-44.414760
-44.414760
-44.414760
-44.414760
-44.414760
-44.414760
-44.414760
-44.414760
-44.414760
-44.414760
-44.414760
-44.414760
-44.414760
-44.414760
-44.414760
-44.414760
-44.414760
-44.414760
-44.414760
-44.414760
-49.734760
-49.734760
-49.734760
-49.734760
-49.734760
-49.734760
-49.734760
-49.734760
-49.734760
-49.734760
-49.734760
-49.734760
-49.734760
-49.734760
-49.734760
-49.734760
-49.734760
-49.734760
-49.734760
-49.734760
-49.734760
-49.734760
-49.734760
-49.734760
-49.734760
-49.734760
-49.734760
-49.734760
-49.734760
-49.734760
-49.734760
-49.734760
-49.734760
-49.734760
-49.734760
-49.734760
-49.734760
-49.734760
-49.734760
-49.734760
-49.734760
-49.734760
-49.734760
-49.734760
-49.734760
-49.734760
-49.734760
-49.734760
-49.734760
-49.734760
-49.734760
-49.734760
-49.734760
-49.734760
-49.734760
-49.734760
-49.734760
-49.734760
-49.734760
-49.734760
-49.734760
-49.734760
-49.734760
-49.734760
-49.734760
-49.734760
-49.734760
-49.734760
-49.734760
-49.734760
-49.734760
-49.734760
-49.734760
-49.734760
-49.734760
-49.734760
-49.734760
-49.734760
-49.734760
